00100000000100010000000000000000
00100001001100100000000000000000
00010010001100100000000000000111
00000000000100010110000010000000
00000001100010101010000000100000
00000001100010111010100000100000
10001110100100110000000000000000
10101110101100110000000000000000
00100010001100010000000000000001
00001000000100000000000000000010
00100000000100010000000000000000
00100001001100101111111111111111
00100010001100011111111111111111
00100010001100010000000000000001
00010010001100100000000000010001
00100000000100110000000000000000
00000010010100011010000000100010
00100010011100111111111111111111
00100010011100110000000000000001
00010010011101001111111111111001
00000000000100110110000010000000
00000001100010110110100000100000
00100001100011100000000000000100
00000001110010110111100000100000
10001101101101010000000000000000
10001101111101100000000000000000
00000010101101101100000000100010
00011111000000001111111111110110
00100010101101110000000000000000
10101101101101100000000000000000
10101101111101110000000000000000
00001000000100000000000000010010
